# ['h', 'omega_b', 'A_s', 'm_nu', 'ns', 'w0', 'wa', 'logTAGN', 'omega_m', 'neff', 'tau', 'Tcmb0']
5.226466520494038463e+08 -2.035220879174731255e+09 -8.125986640673281252e+07 -2.979259441837209463e+07 -1.349961190359530225e+07 -1.675647917813666165e+07 -7.410983316382680088e+06 0.000000000000000000e+00 5.245126108004990816e+08 -1.360933069063619897e+07 1.006481809882976115e+08 -1.275095006802616119e+08
-2.035220879174731255e+09 8.209663691844367981e+09 3.206791133123541474e+08 1.128242881461029947e+08 6.819897540165512264e+07 5.739333641883262992e+07 2.632351471978428960e+07 0.000000000000000000e+00 -2.021090297457203627e+09 5.175332862739560753e+07 -3.887584882622611523e+08 4.673115322866557240e+08
-8.125986640673281252e+07 3.206791133123541474e+08 1.305834121665583923e+07 4.791588913393380120e+06 2.216410645345426630e+06 2.936074030138020404e+06 1.259902444050353719e+06 0.000000000000000000e+00 -8.193552857191224396e+07 2.063136070406759391e+06 -1.601581125634237751e+07 2.012411434061612934e+07
-2.979259441837209463e+07 1.128242881461029947e+08 4.791588913393381052e+06 1.914906100461829221e+06 4.965059570656100404e+05 1.434108585353883449e+06 5.781514763525009621e+05 0.000000000000000000e+00 -3.080726437101079896e+07 7.617355369060101220e+05 -6.107171741390484385e+06 8.236353525646232069e+06
-1.349961190359530225e+07 6.819897540165512264e+07 2.216410645345426630e+06 4.965059570656102151e+05 1.488598194700776134e+06 -2.231869902554239670e+05 -2.040716336110506018e+04 0.000000000000000000e+00 -1.194226918860977329e+07 2.882238338169544586e+05 -2.254589383215810172e+06 1.314882574137984309e+06
-1.675647917813666165e+07 5.739333641883262992e+07 2.936074030138020404e+06 1.434108585353883449e+06 -2.231869902554240543e+05 1.599978641896227840e+06 5.829881592398522189e+05 0.000000000000000000e+00 -1.885778049720818549e+07 4.105635898260162212e+05 -4.036166436692740768e+06 6.281110807361924089e+06
-7.410983316382680088e+06 2.632351471978428960e+07 1.259902444050353719e+06 5.781514763525009621e+05 -2.040716336110506018e+04 5.829881592398522189e+05 2.173389095480696124e+05 0.000000000000000000e+00 -8.100404704179771245e+06 1.844850653609393921e+05 -1.690381827527232701e+06 2.519687168564138003e+06
0.000000000000000000e+00 0.000000000000000000e+00 0.000000000000000000e+00 0.000000000000000000e+00 0.000000000000000000e+00 0.000000000000000000e+00 0.000000000000000000e+00 0.000000000000000000e+00 0.000000000000000000e+00 0.000000000000000000e+00 0.000000000000000000e+00 0.000000000000000000e+00
5.245126108004990816e+08 -2.021090297457203627e+09 -8.193552857191224396e+07 -3.080726437101079896e+07 -1.194226918860977329e+07 -1.885778049720818549e+07 -8.100404704179771245e+06 0.000000000000000000e+00 5.305300870368496776e+08 -1.365096056705662049e+07 1.024611536128527373e+08 -1.325412241113114208e+08
-1.360933069063619897e+07 5.175332862739560753e+07 2.063136070406759391e+06 7.617355369060101220e+05 2.882238338169544586e+05 4.105635898260162212e+05 1.844850653609393921e+05 0.000000000000000000e+00 -1.365096056705662049e+07 3.648047458988247090e+05 -2.582099262462317012e+06 3.349525300205322448e+06
1.006481809882976115e+08 -3.887584882622611523e+08 -1.601581125634237751e+07 -6.107171741390484385e+06 -2.254589383215810172e+06 -4.036166436692740768e+06 -1.690381827527232701e+06 0.000000000000000000e+00 1.024611536128527373e+08 -2.582099262462317478e+06 2.004462432219269872e+07 -2.606303938146252185e+07
-1.275095006802616119e+08 4.673115322866557240e+08 2.012411434061613306e+07 8.236353525646232069e+06 1.314882574137984309e+06 6.281110807361924089e+06 2.519687168564138003e+06 0.000000000000000000e+00 -1.325412241113114208e+08 3.349525300205322448e+06 -2.606303938146252185e+07 3.638161263646489382e+07
