# Matter power spectrum P(k) at redshift z=0
# for k=1.02819e-05 to 1.2095 h/Mpc,
# number of wavenumbers equal to 642
#    1:k (h/Mpc)              2:P (Mpc/h)^3        
       1.028185630358e-05       3.641615523531e+01 
       2.292362615999e-05       8.121061453461e+01 
       3.560828768042e-05       1.262030685624e+02 
       4.836871170409e-05       1.715355985646e+02 
       6.123829348685e-05       2.173530693208e+02 
       7.425123956192e-05       2.638039058080e+02 
       8.744286345740e-05       3.110421329279e+02 
       1.008498940696e-04       3.592282018559e+02 
       1.145108005216e-04       4.085305005058e+02 
       1.284661373669e-04       4.591269969084e+02 
       1.427589140128e-04       5.112064473082e+02 
       1.574349921937e-04       5.649704691038e+02 
       1.725435151974e-04       6.206343183634e+02 
       1.881373722586e-04       6.784294620620e+02 
       2.042737010253e-04       7.386043852752e+02 
       2.210144301576e-04       8.014265641455e+02 
       2.384268628123e-04       8.671840090549e+02 
       2.565842998175e-04       9.361865708953e+02 
       2.755666985397e-04       1.008767441413e+03 
       2.954613595288e-04       1.085283618662e+03 
       3.163636276776e-04       1.166117582853e+03 
       3.383775875321e-04       1.251677389387e+03 
       3.616167231923e-04       1.342396867662e+03 
       3.862045017013e-04       1.438736014587e+03 
       4.122748248397e-04       1.541180449347e+03 
       4.399722780923e-04       1.650240551145e+03 
       4.694520880482e-04       1.766450937210e+03 
       5.008796823334e-04       1.890368098542e+03 
       5.344297321969e-04       2.022567526587e+03 
       5.702845513455e-04       2.163637968889e+03 
       6.086317311924e-04       2.314173466321e+03 
       6.496609189561e-04       2.474760902559e+03 
       6.935596973067e-04       2.645963958628e+03 
       7.405086063971e-04       2.828303008843e+03 
       7.906754596928e-04       3.022232362277e+03 
       8.442092343066e-04       3.228117031984e+03 
       9.012339448667e-04       3.446208733267e+03 
       9.618430090783e-04       3.676625255587e+03 
       1.026094652026e-03       3.919333863947e+03 
       1.094008850677e-03       4.174141793367e+03 
       1.165566183152e-03       4.440695228050e+03 
       1.240708736328e-03       4.718486262322e+03 
       1.319342979906e-03       5.006868986676e+03 
       1.401344286226e-03       5.305081478006e+03 
       1.486562609469e-03       5.612272747415e+03 
       1.574828762854e-03       5.927529558875e+03 
       1.665960750186e-03       6.249905484973e+03 
       1.759769698875e-03       6.578444568626e+03 
       1.856065073348e-03       6.912203803801e+03 
       1.954658988361e-03       7.250269804458e+03 
       2.055369566267e-03       7.591772535461e+03 
       2.158023376991e-03       7.935893971539e+03 
       2.262457060854e-03       8.281875192376e+03 
       2.368518265574e-03       8.629017361945e+03 
       2.476066037013e-03       8.976682314645e+03 
       2.584970795867e-03       9.324294320552e+03 
       2.695114016463e-03       9.671329540635e+03 
       2.806387704165e-03       1.001732271043e+04 
       2.918693747903e-03       1.036185917163e+04 
       3.031943206154e-03       1.070456701450e+04 
       3.146055569159e-03       1.104511850384e+04 
       3.260958027438e-03       1.138322384884e+04 
       3.376584766827e-03       1.171862750951e+04 
       3.492876302670e-03       1.205110509531e+04 
       3.609778860348e-03       1.238045872330e+04 
       3.727243805310e-03       1.270651718531e+04 
       3.845227123112e-03       1.302912972505e+04 
       3.963688948116e-03       1.334816630603e+04 
       4.082593138401e-03       1.366351473139e+04 
       4.201906893758e-03       1.397507720531e+04 
       4.321600413345e-03       1.428277301758e+04 
       4.441646589501e-03       1.458653305504e+04 
       4.562020734255e-03       1.488629688438e+04 
       4.682700335265e-03       1.518201444811e+04 
       4.803664838116e-03       1.547364668451e+04 
       4.924895452152e-03       1.576119707704e+04 
       5.046374977279e-03       1.604459917155e+04 
       5.168087649419e-03       1.632385155678e+04 
       5.290019002530e-03       1.659894969190e+04 
       5.412155745329e-03       1.686990397851e+04 
       5.534485651076e-03       1.713666220994e+04 
       5.656997458925e-03       1.739935236122e+04 
       5.779680785561e-03       1.765778227262e+04 
       5.902526045964e-03       1.791224121772e+04 
       6.025524382266e-03       1.816268756826e+04 
       6.148667599826e-03       1.840852508378e+04 
       6.271948109706e-03       1.865070217685e+04 
       6.395358876853e-03       1.888862996315e+04 
       6.518893373367e-03       1.912231651477e+04 
       6.642545536307e-03       1.935236865054e+04 
       6.766309729544e-03       1.957810379536e+04 
       6.890180709232e-03       1.979994346677e+04 
       7.014153592528e-03       2.001780188199e+04 
       7.138223829205e-03       2.023186609540e+04 
       7.262387175877e-03       2.044156300002e+04 
       7.386639672554e-03       2.064764261783e+04 
       7.510977621306e-03       2.085000112323e+04 
       7.635397566816e-03       2.104834362863e+04 
       7.759896278636e-03       2.124294112142e+04 
       7.884470734984e-03       2.143439350153e+04 
       8.009118107931e-03       2.162158676351e+04 
       8.133835749837e-03       2.180430723728e+04 
       8.258621180935e-03       2.198425350982e+04 
       8.383472077936e-03       2.216057529979e+04 
       8.508386263574e-03       2.233342027991e+04 
       8.633361697000e-03       2.250224650118e+04 
       8.758396464946e-03       2.266790081178e+04 
       8.883488773595e-03       2.283024755567e+04 
       9.008636941090e-03       2.298833414184e+04 
       9.133839390627e-03       2.314298477966e+04 
       9.259094644083e-03       2.329526593713e+04 
       9.384401316131e-03       2.344354139370e+04 
       9.509758108804e-03       2.358872367231e+04 
       9.635163806463e-03       2.372971957928e+04 
       9.760617271146e-03       2.386817087257e+04 
       9.886117438258e-03       2.400335105348e+04 
       1.001166331258e-02       2.413580417871e+04 
       1.013725396455e-02       2.426404153082e+04 
       1.026288852687e-02       2.438958621564e+04 
       1.038856619127e-02       2.451224642179e+04 
       1.051428620557e-02       2.463154121200e+04 
       1.064004787095e-02       2.474830845647e+04 
       1.076585053937e-02       2.486164193306e+04 
       1.089169361118e-02       2.497205916947e+04 
       1.101757653296e-02       2.507975380023e+04 
       1.114349879542e-02       2.518380459627e+04 
       1.126945993151e-02       2.528527233542e+04 
       1.139545951464e-02       2.538403640957e+04 
       1.152149715703e-02       2.548014784202e+04 
       1.164757250815e-02       2.557317447969e+04 
       1.177368525329e-02       2.566331415852e+04 
       1.189983511226e-02       2.575083245513e+04 
       1.202602183810e-02       2.583555154505e+04 
       1.215224521598e-02       2.591786860509e+04 
       1.227850506206e-02       2.599696265468e+04 
       1.240480122256e-02       2.607417813182e+04 
       1.253113357280e-02       2.614841107601e+04 
       1.265750201635e-02       2.621994877655e+04 
       1.278390648423e-02       2.628905704548e+04 
       1.291034693417e-02       2.635562331238e+04 
       1.303682334995e-02       2.641947885537e+04 
       1.316333574074e-02       2.648111203009e+04 
       1.328988414054e-02       2.654046918368e+04 
       1.341646860765e-02       2.659697367964e+04 
       1.354308922417e-02       2.665164396156e+04 
       1.366974609554e-02       2.670346966289e+04 
       1.379643935016e-02       2.675301067475e+04 
       1.392316913900e-02       2.680008028600e+04 
       1.404993563526e-02       2.684551785540e+04 
       1.417673903411e-02       2.688842322401e+04 
       1.430357955233e-02       2.692891409590e+04 
       1.443045742818e-02       2.696717778235e+04 
       1.455737292110e-02       2.700338037067e+04 
       1.468432631160e-02       2.703742098749e+04 
       1.481131790104e-02       2.706943204215e+04 
       1.493834801155e-02       2.709922082936e+04 
       1.506541698589e-02       2.712704319138e+04 
       1.519252518741e-02       2.715239242885e+04 
       1.531967299996e-02       2.717624157196e+04 
       1.544686082785e-02       2.719804375102e+04 
       1.557408909586e-02       2.721755010848e+04 
       1.570135824926e-02       2.723522456430e+04 
       1.582866875379e-02       2.725107175985e+04 
       1.595602109573e-02       2.726479514547e+04 
       1.608341578200e-02       2.727677170840e+04 
       1.621085334020e-02       2.728703537959e+04 
       1.633833431873e-02       2.729527766839e+04 
       1.646585928691e-02       2.730185871635e+04 
       1.659342883513e-02       2.730622742451e+04 
       1.672104357501e-02       2.730933663372e+04 
       1.684870413955e-02       2.731061192320e+04 
       1.697641118335e-02       2.730993941620e+04 
       1.710416538280e-02       2.730771020315e+04 
       1.723196743633e-02       2.730358479799e+04 
       1.735981806462e-02       2.729806076129e+04 
       1.748771801087e-02       2.729091735287e+04 
       1.761566804111e-02       2.728215732977e+04 
       1.774366894442e-02       2.727170443041e+04 
       1.787172153333e-02       2.725967841467e+04 
       1.799982664406e-02       2.724607295847e+04 
       1.812798513690e-02       2.723118740739e+04 
       1.825619789659e-02       2.721445952750e+04 
       1.838446583266e-02       2.719652507265e+04 
       1.851278987982e-02       2.717700973611e+04 
       1.864117099840e-02       2.715611815369e+04 
       1.876961017476e-02       2.713374059094e+04 
       1.889810842171e-02       2.711014357108e+04 
       1.902666677902e-02       2.708490558705e+04 
       1.915528631387e-02       2.705843910529e+04 
       1.928396812133e-02       2.703065797554e+04 
       1.941271332492e-02       2.700147716831e+04 
       1.954152307711e-02       2.697103334634e+04 
       1.967039855989e-02       2.693953154609e+04 
       1.979934098533e-02       2.690651921833e+04 
       1.992835159620e-02       2.687226536914e+04 
       2.005743166654e-02       2.683690730616e+04 
       2.018658250234e-02       2.680030939749e+04 
       2.031580544216e-02       2.676255307970e+04 
       2.044510185784e-02       2.672366203255e+04 
       2.057447315517e-02       2.668368926728e+04 
       2.070392077462e-02       2.664249046454e+04 
       2.083344619209e-02       2.660017900033e+04 
       2.096305091969e-02       2.655693780638e+04 
       2.109273650651e-02       2.651240322150e+04 
       2.122250453946e-02       2.646704567285e+04 
       2.135235664411e-02       2.642070782772e+04 
       2.148229448554e-02       2.637309957297e+04 
       2.161231976928e-02       2.632461573891e+04 
       2.174243424220e-02       2.627515357699e+04 
       2.187263969351e-02       2.622476489257e+04 
       2.200293795569e-02       2.617334983155e+04 
       2.213333090555e-02       2.612119475517e+04 
       2.226382046527e-02       2.606805297024e+04 
       2.239440860349e-02       2.601393912582e+04 
       2.252509733640e-02       2.595896950002e+04 
       2.265588872891e-02       2.590347423137e+04 
       2.278678489586e-02       2.584662490651e+04 
       2.291778800319e-02       2.578925710706e+04 
       2.304890026927e-02       2.573106765001e+04 
       2.318012396615e-02       2.567205956676e+04 
       2.331146142092e-02       2.561233707481e+04 
       2.344291501713e-02       2.555178558916e+04 
       2.357448719618e-02       2.549047284191e+04 
       2.370618045882e-02       2.542851476368e+04 
       2.383799736668e-02       2.536580755192e+04 
       2.396994054382e-02       2.530243229223e+04 
       2.410201267839e-02       2.523839481969e+04 
       2.423421652429e-02       2.517375400489e+04 
       2.436655490291e-02       2.510832766038e+04 
       2.449903070491e-02       2.504235198452e+04 
       2.463164689209e-02       2.497572418837e+04 
       2.476440649928e-02       2.490852894013e+04 
       2.489731263634e-02       2.484075831107e+04 
       2.503036849019e-02       2.477245906855e+04 
       2.516357732690e-02       2.470351531715e+04 
       2.529694249389e-02       2.463393301474e+04 
       2.543046742222e-02       2.456398811625e+04 
       2.556415562886e-02       2.449346488963e+04 
       2.569801071913e-02       2.442248892340e+04 
       2.583203638922e-02       2.435087285176e+04 
       2.596623642875e-02       2.427889116302e+04 
       2.610061472345e-02       2.420643877050e+04 
       2.623517525793e-02       2.413354311823e+04 
       2.636992211854e-02       2.406018070717e+04 
       2.650485949636e-02       2.398642022149e+04 
       2.663999169028e-02       2.391227577291e+04 
       2.677532311015e-02       2.383761560669e+04 
       2.691085828012e-02       2.376259108669e+04 
       2.704660184209e-02       2.368721278694e+04 
       2.718255855918e-02       2.361148529565e+04 
       2.731873331953e-02       2.353542448880e+04 
       2.745513114003e-02       2.345898690354e+04 
       2.759175717032e-02       2.338219171124e+04 
       2.772861669696e-02       2.330509907406e+04 
       2.786571514761e-02       2.322770114059e+04 
       2.800305809558e-02       2.315010344537e+04 
       2.814065126438e-02       2.307200506245e+04 
       2.827850053253e-02       2.299379690659e+04 
       2.841661193858e-02       2.291523471378e+04 
       2.855499168626e-02       2.283640993248e+04 
       2.869364614990e-02       2.275732256379e+04 
       2.883258188005e-02       2.267801342382e+04 
       2.897180560929e-02       2.259848699722e+04 
       2.911132425838e-02       2.251876014496e+04 
       2.925114494252e-02       2.243881359132e+04 
       2.939127497802e-02       2.235860148757e+04 
       2.953172188915e-02       2.227828418643e+04 
       2.967249341533e-02       2.219770315156e+04 
       2.981359751859e-02       2.211701563730e+04 
       2.995504239143e-02       2.203619099751e+04 
       3.009683646490e-02       2.195515123209e+04 
       3.023898841718e-02       2.187386953198e+04 
       3.038150718243e-02       2.179252424413e+04 
       3.052440196005e-02       2.171110291335e+04 
       3.066768222446e-02       2.162941023705e+04 
       3.081135773520e-02       2.154774724874e+04 
       3.095543854754e-02       2.146581798567e+04 
       3.109993502364e-02       2.138393359206e+04 
       3.124485784415e-02       2.130193816197e+04 
       3.139021802039e-02       2.121971081901e+04 
       3.153602690715e-02       2.113750160669e+04 
       3.168229621609e-02       2.105523359358e+04 
       3.182903802971e-02       2.097279216383e+04 
       3.197626481617e-02       2.089033567197e+04 
       3.212398944471e-02       2.080784307993e+04 
       3.227222520188e-02       2.072525200198e+04 
       3.242098580866e-02       2.064261561919e+04 
       3.257028543837e-02       2.055996984141e+04 
       3.272013873555e-02       2.047724076080e+04 
       3.287056083584e-02       2.039454481790e+04 
       3.302156738686e-02       2.031179597639e+04 
       3.317317457028e-02       2.022885659660e+04 
       3.332539912502e-02       2.014610248644e+04 
       3.347825837176e-02       2.006321310882e+04 
       3.363177023875e-02       1.998035044188e+04 
       3.378595328914e-02       1.989757331232e+04 
       3.394082674976e-02       1.981471820967e+04 
       3.409641054164e-02       1.973182173437e+04 
       3.425272531218e-02       1.964898965048e+04 
       3.440979246933e-02       1.956613141096e+04 
       3.456763421765e-02       1.948323157490e+04 
       3.472627359663e-02       1.940037300952e+04 
       3.488573452127e-02       1.931762692630e+04 
       3.504604182518e-02       1.923477692707e+04 
       3.520722130630e-02       1.915192150282e+04 
       3.536929977551e-02       1.906919889346e+04 
       3.553230510836e-02       1.898644006821e+04 
       3.569626630004e-02       1.890362523154e+04 
       3.586121352401e-02       1.882095966422e+04 
       3.602717819443e-02       1.873829848579e+04 
       3.619419303275e-02       1.865563864757e+04 
       3.636229213890e-02       1.857304347639e+04 
       3.653151106721e-02       1.849036546139e+04 
       3.670188690769e-02       1.840783545703e+04 
       3.687345837300e-02       1.832519891606e+04 
       3.704626589165e-02       1.824275882235e+04 
       3.722035170788e-02       1.816028567079e+04 
       3.739575998889e-02       1.807767456106e+04 
       3.757253694007e-02       1.799527748729e+04 
       3.775073092885e-02       1.791291188461e+04 
       3.793039261813e-02       1.783046582086e+04 
       3.811157510993e-02       1.774804595036e+04 
       3.829433410053e-02       1.766566086369e+04 
       3.847872804786e-02       1.758336314699e+04 
       3.866481835261e-02       1.750106349394e+04 
       3.885266955423e-02       1.741867818308e+04 
       3.904234954340e-02       1.733643397547e+04 
       3.923392979254e-02       1.725400896360e+04 
       3.942748560634e-02       1.717168241395e+04 
       3.962309639433e-02       1.708938216862e+04 
       3.982084596782e-02       1.700708736291e+04 
       4.002082286391e-02       1.692464695236e+04 
       4.022312069950e-02       1.684230393205e+04 
       4.042783855865e-02       1.675987021348e+04 
       4.063508141714e-02       1.667742767803e+04 
       4.084496060852e-02       1.659499006612e+04 
       4.105759433649e-02       1.651239423663e+04 
       4.127310823933e-02       1.642975480269e+04 
       4.149163601252e-02       1.634709340777e+04 
       4.171332009712e-02       1.626441985370e+04 
       4.193831244199e-02       1.618153886427e+04 
       4.216677534964e-02       1.609862905465e+04 
       4.239888241663e-02       1.601552812899e+04 
       4.263481958149e-02       1.593234847301e+04 
       4.287478629474e-02       1.584905826123e+04 
       4.311899682846e-02       1.576552810361e+04 
       4.336768174524e-02       1.568193059435e+04 
       4.362108955025e-02       1.559812182770e+04 
       4.387948855354e-02       1.551409547239e+04 
       4.414316897539e-02       1.542986416587e+04 
       4.441244533236e-02       1.534537943129e+04 
       4.468765914976e-02       1.526068035355e+04 
       4.496918205388e-02       1.517550289362e+04 
       4.525741930833e-02       1.509014084213e+04 
       4.555281387104e-02       1.500444458152e+04 
       4.585585106445e-02       1.491832392468e+04 
       4.616706396989e-02       1.483184743998e+04 
       4.648703968140e-02       1.474491444251e+04 
       4.681642658297e-02       1.465744103256e+04 
       4.715594284993e-02       1.456950539956e+04 
       4.750638642088e-02       1.448095234240e+04 
       4.786864674355e-02       1.439169482546e+04 
       4.824371867078e-02       1.430180134192e+04 
       4.863271897383e-02       1.421123512763e+04 
       4.903690605674e-02       1.411964485844e+04 
       4.945770360315e-02       1.402719724351e+04 
       4.989672907547e-02       1.393372259652e+04 
       5.035582822655e-02       1.383909727905e+04 
       5.083711708952e-02       1.374319949430e+04 
       5.134303329775e-02       1.364573580356e+04 
       5.187639907103e-02       1.354677580617e+04 
       5.244049879800e-02       1.344589119019e+04 
       5.303917485070e-02       1.334284186395e+04 
       5.367694605397e-02       1.323732213834e+04 
       5.435915399902e-02       1.312885399481e+04 
       5.509214288700e-02       1.301690964065e+04 
       5.588347826400e-02       1.290077623196e+04 
       5.674220773275e-02       1.277952533818e+04 
       5.767916029503e-02       1.265192043044e+04 
       5.870726633137e-02       1.251626934820e+04 
       5.984185045155e-02       1.237031754636e+04 
       6.110079433795e-02       1.221096173419e+04 
       6.250437557670e-02       1.203396592717e+04 
       6.407446341792e-02       1.183375585537e+04 
       6.583264393306e-02       1.160305983819e+04 
       6.779691356881e-02       1.133326921256e+04 
       6.997710132746e-02       1.101541294442e+04 
       7.237030983891e-02       1.064231980502e+04 
       7.495880657461e-02       1.021149299478e+04 
       7.771242163568e-02       9.727819628980e+03 
       8.059491367242e-02       9.204292563947e+03 
       8.357110109487e-02       8.660227138739e+03 
       8.661162634686e-02       8.117792516324e+03 
       8.969450392699e-02       7.598344262825e+03 
       9.280445770494e-02       7.119551664851e+03 
       9.593139097648e-02       6.693749182744e+03 
       9.906884264223e-02       6.327484116349e+03 
       1.022127616812e-01       6.021803304851e+03 
       1.053606401582e-01       5.773112332042e+03 
       1.085109374391e-01       5.574144443446e+03 
       1.116627115058e-01       5.415085084901e+03 
       1.148153879185e-01       5.284607557475e+03 
       1.179686168877e-01       5.170953031725e+03 
       1.211221855380e-01       5.062889578144e+03 
       1.242759642999e-01       4.950791436695e+03 
       1.274298742475e-01       4.827377083924e+03 
       1.305838672308e-01       4.688250246982e+03 
       1.337379138014e-01       4.532121392780e+03 
       1.368919958801e-01       4.360549181991e+03 
       1.400461023038e-01       4.177415093381e+03 
       1.432002261216e-01       3.988202187059e+03 
       1.463543629527e-01       3.799075632669e+03 
       1.495085099887e-01       3.616116301780e+03 
       1.526626653871e-01       3.444642583162e+03 
       1.558168279022e-01       3.288736231939e+03 
       1.589709966601e-01       3.150981738863e+03 
       1.621251710213e-01       3.032393905643e+03 
       1.652793504968e-01       2.932526778464e+03 
       1.684335346960e-01       2.849671335049e+03 
       1.715877232949e-01       2.781137607126e+03 
       1.747419160158e-01       2.723585716460e+03 
       1.778961126150e-01       2.673409026888e+03 
       1.810503128741e-01       2.627607534604e+03 
       1.842045165953e-01       2.582039594300e+03 
       1.873587235971e-01       2.533787427532e+03 
       1.905129337122e-01       2.480756695048e+03 
       1.936671467853e-01       2.421856925104e+03 
       1.968213626720e-01       2.357032953399e+03 
       1.999755812373e-01       2.287137073792e+03 
       2.031298023552e-01       2.213686733792e+03 
       2.062840259073e-01       2.138582631480e+03 
       2.094382517827e-01       2.063813129006e+03 
       2.125924798772e-01       1.991237285084e+03 
       2.157467100927e-01       1.922449743144e+03 
       2.189009423367e-01       1.858711912511e+03 
       2.220551765222e-01       1.800869449186e+03 
       2.252094125671e-01       1.749340456321e+03 
       2.283636503938e-01       1.704114699299e+03 
       2.315178899289e-01       1.664716985962e+03 
       2.346721311031e-01       1.630335466062e+03 
       2.378263738507e-01       1.599884304808e+03 
       2.409806181097e-01       1.572168299148e+03 
       2.441348638209e-01       1.545938459789e+03 
       2.472891109285e-01       1.520115418047e+03 
       2.504433593794e-01       1.493770843383e+03 
       2.535976091232e-01       1.466296542223e+03 
       2.567518601118e-01       1.437250904239e+03 
       2.599061122999e-01       1.406515283377e+03 
       2.630603656438e-01       1.374212386502e+03 
       2.662146201023e-01       1.340686253292e+03 
       2.693688756360e-01       1.306475385055e+03 
       2.725231322074e-01       1.272215239106e+03 
       2.756773897807e-01       1.238596891215e+03 
       2.788316483216e-01       1.206238948646e+03 
       2.819859077974e-01       1.175638460689e+03 
       2.851401681771e-01       1.147123622017e+03 
       2.882944294308e-01       1.120849133402e+03 
       2.914486915299e-01       1.096805143046e+03 
       2.946029544471e-01       1.074862691368e+03 
       2.977572181564e-01       1.054782957445e+03 
       3.009114826326e-01       1.036256201216e+03 
       3.040657478518e-01       1.018925591587e+03 
       3.072200137910e-01       1.002411062939e+03 
       3.103742804281e-01       9.863293264619e+02 
       3.135285477419e-01       9.703308590920e+02 
       3.166828157122e-01       9.541644336742e+02 
       3.198370843193e-01       9.376482816520e+02 
       3.229913535447e-01       9.207229585477e+02 
       3.261456233701e-01       9.034191124682e+02 
       3.292998937784e-01       8.858402626640e+02 
       3.324541647528e-01       8.681369999763e+02 
       3.356084362773e-01       8.504805745739e+02 
       3.387627083365e-01       8.330552360737e+02 
       3.419169809154e-01       8.160402248409e+02 
       3.450712539999e-01       7.996010750207e+02 
       3.482255275760e-01       7.838699368977e+02 
       3.513798016306e-01       7.689459836041e+02 
       3.545340761507e-01       7.548737213986e+02 
       3.576883511239e-01       7.416345577930e+02 
       3.608426265384e-01       7.291636618408e+02 
       3.639969023827e-01       7.173466708947e+02 
       3.671511786456e-01       7.060642733909e+02 
       3.703054553163e-01       6.951888103795e+02 
       3.734597323845e-01       6.846006514680e+02 
       3.766140098402e-01       6.742039314382e+02 
       3.797682876736e-01       6.639139618160e+02 
       3.829225658754e-01       6.536655830108e+02 
       3.860768444366e-01       6.434128847192e+02 
       3.892311233483e-01       6.331371444581e+02 
       3.923854026020e-01       6.228425140993e+02 
       3.955396821897e-01       6.125624872291e+02 
       3.986939621032e-01       6.023505219160e+02 
       4.018482423349e-01       5.922659177941e+02 
       4.050025228773e-01       5.823679973621e+02 
       4.081568037232e-01       5.727064483673e+02 
       4.113110848656e-01       5.633191761570e+02 
       4.144653662977e-01       5.542251704012e+02 
       4.176196480129e-01       5.454392002483e+02 
       4.207739300049e-01       5.369690623770e+02 
       4.239282122673e-01       5.288120425676e+02 
       4.270824947942e-01       5.209574304463e+02 
       4.302367775798e-01       5.133834098467e+02 
       4.333910606184e-01       5.060541878610e+02 
       4.365453439044e-01       4.989290188621e+02 
       4.396996274326e-01       4.919632186404e+02 
       4.428539111978e-01       4.851174731157e+02 
       4.460081951949e-01       4.783652384756e+02 
       4.491624794189e-01       4.716858681292e+02 
       4.523167638652e-01       4.650705091073e+02 
       4.554710485291e-01       4.585128701522e+02 
       4.586253334061e-01       4.520130061984e+02 
       4.617796184918e-01       4.455706675042e+02 
       4.649339037820e-01       4.391954590135e+02 
       4.680881892724e-01       4.329012380255e+02 
       4.712424749592e-01       4.267076121258e+02 
       4.743967608382e-01       4.206359745976e+02 
       4.775510469058e-01       4.147057794130e+02 
       4.807053331582e-01       4.089305628511e+02 
       4.838596195918e-01       4.033143477343e+02 
       4.870139062030e-01       3.978521876151e+02 
       4.901681929884e-01       3.925378306685e+02 
       4.933224799446e-01       3.873600495383e+02 
       4.964767670685e-01       3.823097166705e+02 
       4.996310543567e-01       3.773765370132e+02 
       5.027853418062e-01       3.725497440842e+02 
       5.059396294140e-01       3.678168269314e+02 
       5.090939171771e-01       3.631630183137e+02 
       5.122482050926e-01       3.585751406176e+02 
       5.154024931577e-01       3.540430134022e+02 
       5.185567813698e-01       3.495613712140e+02 
       5.217110697260e-01       3.451317903150e+02 
       5.248653582239e-01       3.407584163055e+02 
       5.280196468609e-01       3.364469221486e+02 
       5.311739356344e-01       3.322022960070e+02 
       5.343282245420e-01       3.280261031582e+02 
       5.374825135815e-01       3.239193339430e+02 
       5.406368027504e-01       3.198835095660e+02 
       5.437910920466e-01       3.159204655130e+02 
       5.469453814677e-01       3.120335288890e+02 
       5.500996710117e-01       3.082258430555e+02 
       5.532539606764e-01       3.044990301480e+02 
       5.564082504599e-01       3.008502443307e+02 
       5.595625403600e-01       2.972759180945e+02 
       5.627168303747e-01       2.937694327867e+02 
       5.658711205023e-01       2.903243163110e+02 
       5.690254107408e-01       2.869369707723e+02 
       5.721797010883e-01       2.836047492112e+02 
       5.753339915431e-01       2.803265541130e+02 
       5.784882821034e-01       2.771008216028e+02 
       5.816425727674e-01       2.739240367299e+02 
       5.847968635336e-01       2.707927861846e+02 
       5.879511544002e-01       2.677029309824e+02 
       5.911054453657e-01       2.646524190707e+02 
       5.942597364284e-01       2.616426130274e+02 
       5.974140275868e-01       2.586741979698e+02 
       6.005683188394e-01       2.557514372969e+02 
       6.037226101847e-01       2.528750398527e+02 
       6.068769016214e-01       2.500468092170e+02 
       6.100311931478e-01       2.472656794149e+02 
       6.131854847627e-01       2.445293810770e+02 
       6.163397764648e-01       2.418364323444e+02 
       6.194940682526e-01       2.391871859721e+02 
       6.226483601248e-01       2.365821877562e+02 
       6.258026520802e-01       2.340220305551e+02 
       6.289569441176e-01       2.315056686589e+02 
       6.321112362357e-01       2.290309657477e+02 
       6.352655284332e-01       2.265945260487e+02 
       6.384198207090e-01       2.241938346031e+02 
       6.415741130620e-01       2.218258307465e+02 
       6.447284054911e-01       2.194902438816e+02 
       6.478826979950e-01       2.171865883472e+02 
       6.510369905727e-01       2.149161669459e+02 
       6.541912832232e-01       2.126792125555e+02 
       6.573455759453e-01       2.104743922047e+02 
       6.604998687382e-01       2.082999611419e+02 
       6.636541616007e-01       2.061547633209e+02 
       6.668084545318e-01       2.040375342367e+02 
       6.699627475306e-01       2.019480442951e+02 
       6.731170405962e-01       1.998893316413e+02 
       6.762713337276e-01       1.978614846703e+02 
       6.794256269238e-01       1.958647897463e+02 
       6.825799201840e-01       1.938982266530e+02 
       6.857342135074e-01       1.919608075412e+02 
       6.888885068929e-01       1.900503074361e+02 
       6.920428003398e-01       1.881657665066e+02 
       6.951970938473e-01       1.863070057731e+02 
       6.983513874144e-01       1.844749112622e+02 
       7.015056810405e-01       1.826700133042e+02 
       7.046599747247e-01       1.808906172886e+02 
       7.078142684662e-01       1.791368408152e+02 
       7.109685622643e-01       1.774060553549e+02 
       7.141228561182e-01       1.756971112580e+02 
       7.172771500272e-01       1.740093860216e+02 
       7.204314439906e-01       1.723427073760e+02 
       7.235857380076e-01       1.706982850488e+02 
       7.267400320775e-01       1.690763323236e+02 
       7.298943261997e-01       1.674769231939e+02 
       7.330486203735e-01       1.658992085159e+02 
       7.362029145982e-01       1.643420380918e+02 
       7.393572088731e-01       1.628043172070e+02 
       7.425115031977e-01       1.612848395736e+02 
       7.456657975712e-01       1.597851673297e+02 
       7.488200919932e-01       1.583058434257e+02 
       7.519743864628e-01       1.568468345866e+02 
       7.551286809797e-01       1.554080450214e+02 
       7.582829755431e-01       1.539883234006e+02 
       7.614372701525e-01       1.525869946104e+02 
       7.645915648073e-01       1.512014336060e+02 
       7.677458595070e-01       1.498335633071e+02 
       7.709001542510e-01       1.484818839359e+02 
       7.740544490387e-01       1.471479439692e+02 
       7.772087438697e-01       1.458320222709e+02 
       7.803630387434e-01       1.445334241384e+02 
       7.835173336593e-01       1.432508804564e+02 
       7.866716286168e-01       1.419835619299e+02 
       7.898259236156e-01       1.407311225133e+02 
       7.929802186550e-01       1.394927425439e+02 
       7.961345137346e-01       1.382692630046e+02 
       7.992888088539e-01       1.370613765661e+02 
       8.024431040125e-01       1.358691196880e+02 
       8.055973992099e-01       1.346921632357e+02 
       8.087516944456e-01       1.335295213047e+02 
       8.119059897193e-01       1.323799109979e+02 
       8.150602850303e-01       1.312440663585e+02 
       8.182145803784e-01       1.301208395349e+02 
       8.213688757631e-01       1.290111180815e+02 
       8.245231711839e-01       1.279149756203e+02 
       8.276774666405e-01       1.268334074196e+02 
       8.308317621325e-01       1.257645934419e+02 
       8.339860576594e-01       1.247089929261e+02 
       8.371403532208e-01       1.236649561738e+02 
       8.402946488164e-01       1.226325119440e+02 
       8.434489444458e-01       1.216109541230e+02 
       8.466032401085e-01       1.206021999615e+02 
       8.497575358043e-01       1.196046846650e+02 
       8.529118315328e-01       1.186201775569e+02 
       8.560661272935e-01       1.176469631614e+02 
       8.592204230862e-01       1.166848341603e+02 
       8.623747189105e-01       1.157333681663e+02 
       8.655290147660e-01       1.147919382779e+02 
       9.968172373040e-01       8.351727086874e+01 
       1.209497228939e+00       5.365706902951e+01 
