-6.907755278982136815e+00
-6.814721537851064603e+00
-6.721687796719991503e+00
-6.628654055588919292e+00
-6.535620314457846192e+00
-6.442586573326773980e+00
-6.349552832195701768e+00
-6.256519091064628668e+00
-6.163485349933556456e+00
-6.070451608802484245e+00
-5.977417867671411145e+00
-5.884384126540338933e+00
-5.791350385409265833e+00
-5.698316644278193621e+00
-5.605282903147120521e+00
-5.512249162016048309e+00
-5.419215420884976098e+00
-5.326181679753902998e+00
-5.233147938622830786e+00
-5.140114197491758574e+00
-5.047080456360685474e+00
-4.954046715229613262e+00
-4.861012974098541051e+00
-4.767979232967467951e+00
-4.674945491836394851e+00
-4.581911750705322639e+00
-4.488878009574250427e+00
-4.395844268443177327e+00
-4.302810527312105116e+00
-4.209776786181032904e+00
-4.116743045049959804e+00
-4.023709303918887592e+00
-3.930675562787814936e+00
-3.837641821656742280e+00
-3.744608080525669624e+00
-3.651574339394597413e+00
-3.558540598263524757e+00
-3.465506857132452101e+00
-3.372473116001379445e+00
-3.279439374870307233e+00
-3.186405633739234577e+00
-3.093371892608161922e+00
-3.000338151477089266e+00
-2.907304410346016610e+00
-2.814270669214944398e+00
-2.721236928083871298e+00
-2.628203186952799086e+00
-2.535169445821726875e+00
-2.442135704690653775e+00
-2.349101963559581563e+00
-2.256068222428508463e+00
-2.163034481297436251e+00
-2.070000740166364039e+00
-1.976966999035290939e+00
-1.883933257904218728e+00
-1.790899516773146516e+00
-1.697865775642073416e+00
-1.604832034511001204e+00
-1.511798293379928104e+00
-1.418764552248855892e+00
-1.325730811117783681e+00
-1.232697069986710581e+00
-1.139663328855638369e+00
-1.046629587724565269e+00
-9.535958465934930572e-01
-8.605621054624208455e-01
-7.675283643313477455e-01
-6.744946232002755337e-01
-5.814608820692024338e-01
-4.884271409381302220e-01
-3.953933998070580103e-01
-3.023596586759849103e-01
-2.093259175449126985e-01
-1.162921764138395986e-01
-2.325843528276738681e-02
6.977530584830482496e-02
1.628090469793779249e-01
2.558427881104501367e-01
3.488765292415223485e-01
4.419102703725954484e-01
5.349440115036676602e-01
6.279777526347407601e-01
7.210114937658129719e-01
8.140452348968851837e-01
9.070789760279582836e-01
1.000112717159030495e+00
1.093146458290103595e+00
1.186180199421174919e+00
1.279213940552248019e+00
1.372247681683321119e+00
1.465281422814394219e+00
1.558315163945465542e+00
1.651348905076538642e+00
1.744382646207611742e+00
1.837416387338683066e+00
1.930450128469756166e+00
2.023483869600829266e+00
2.116517610731900589e+00
2.209551351862973689e+00
2.302585092994046789e+00
