1.000000000000000000e+00
9.788103829961859459e-01
9.579817250441337029e-01
9.375482829190573408e-01
9.175379244371516529e-01
8.979727945067452755e-01
8.788698229445700560e-01
8.602412401205946635e-01
8.420950876446217093e-01
8.244357142220476442e-01
8.072642481085643418e-01
7.905790409225373905e-01
7.743760785381265110e-01
7.586493569937619030e-01
7.433912225941199381e-01
7.285926764834353975e-01
7.142436447592972470e-01
7.003332160721879029e-01
6.868498486104847034e-01
6.737815491258016820e-01
6.611160263256999903e-01
6.488408213399873281e-01
6.369434176099791900e-01
6.254113326204429057e-01
6.142321936706161001e-01
6.033937997161653577e-01
5.928841711387523583e-01
5.826915891152044669e-01
5.728046260738107742e-01
5.632121685534163813e-01
5.539034336933906788e-01
5.448679802896674307e-01
5.360957152795570169e-01
5.275768966822581563e-01
5.193021331689924303e-01
5.112623814681580559e-01
5.034489413850786743e-01
4.958534495629746131e-01
4.884678717325761088e-01
4.812844940663977278e-01
4.742959139277271308e-01
4.674950299867186576e-01
4.608750320255373123e-01
4.544293905871187866e-01
4.481518465421744923e-01
4.420364006729324280e-01
4.360773033528439480e-01
4.302690443845982871e-01
4.246063430507381886e-01
4.190841384103453637e-01
4.136975798688819483e-01
4.084420180444148230e-01
4.033129959446731250e-01
3.983062404587748295e-01
3.934176541691665197e-01
3.886433074832271739e-01
3.839794310814567124e-01
3.794224086944326113e-01
3.749687702424998603e-01
3.706151851834326716e-01
3.663584561567318487e-01
3.621955130017348590e-01
3.581234070810144221e-01
3.541393056520279470e-01
3.502404867079086936e-01
3.464243340981625341e-01
3.426883325688380166e-01
3.390300634746841735e-01
3.354472003304710959e-01
3.319375047484362518e-01
3.284988226209339390e-01
3.251290802530190094e-01
3.218262810368882065e-01
3.185885018698313975e-01
3.154138901679846563e-01
3.123006606459839407e-01
3.092470925285999983e-01
3.062515267751040882e-01
3.033123633547230025e-01
3.004280589442436256e-01
2.975971243002950573e-01
2.948181221866632007e-01
2.920896651475063943e-01
2.894104133522445998e-01
2.867790728062031280e-01
2.841943933688915735e-01
2.816551669278379300e-01
2.791602258171925754e-01
2.767084411427228607e-01
2.742987211770975819e-01
2.719300099258208370e-01
2.696012857694337073e-01
2.673115600474629261e-01
2.650598757683733098e-01
2.628453063983047233e-01
2.606669547255175412e-01
2.585239517056134306e-01
2.564154553784265822e-01
2.543406498485697442e-01
2.522987443103024141e-01
