0.99934363782
0.935643284933
0.87735804359
0.824267009603
0.77601911172
0.732190571978
0.692379202196
0.65616591555
0.623174437978
0.593061909466
0.565506950974
0.540231225137
0.516991852485
0.495570828765
0.475773664402
0.457436558519
0.440415615189
0.424573503051
0.409798047529
0.395997345475
0.383072723428
0.370947275489
0.359551858569
0.348824247677
0.338708388092
0.329153732632
0.320114626904
0.311557695237
0.303441278454
0.295728786199
0.288399138127
0.28141948157
0.274766662184
0.268419795885
0.262356269718
0.256560852095
0.251011458351
0.245699869603
0.240604468872
0.235715563917
0.231022142326
0.226510373294
0.222170548354
0.217993384421
0.213970083985
0.21009235344
0.206352415828
0.202742997079
0.199257306938
0.195889006831
0.192632340579
0.189482850274
0.186434127218
0.183481339765
0.180621427816
0.177848655955
0.175159784358
0.17255100729
0.17001855875
0.167559575898
0.165170445921
0.162848649279
0.160591102351
0.158395275965
0.156258794149
0.154178918417
0.152154059361
0.150181368561
0.148259435774
0.146385978088
0.144559207687
0.142777696452
0.141039327382
0.139343037547
0.137686975491
0.136069783032
0.134490327521
0.132946935945
0.131438796049
0.12996441998
0.128522727314
0.127112846189
0.12573342147
0.124383787645
0.123062799452
0.121769518909
0.120503336608
0.119263105577
0.118048237259
0.116857917877
0.115691271
0.114547895338
0.113426827995
0.112327503533
0.111249399856
0.110191714736
0.109154069608
0.108135789339
0.107136290212
0.106155253395
