1.000000000000000861e-04
1.097498765493057642e-04
1.204503540258782478e-04
1.321941148466030140e-04
1.450828778495941683e-04
1.592282793341095277e-04
1.747528400007684836e-04
1.917910261672490797e-04
2.104904144512024144e-04
2.310129700083161052e-04
2.535364493970114724e-04
2.782559402207129026e-04
3.053855508833416333e-04
3.351602650938845436e-04
3.678379771828639046e-04
4.037017258596559263e-04
4.430621457583884125e-04
4.862601580065359927e-04
5.336699231206314380e-04
5.857020818056670689e-04
6.428073117284329027e-04
7.054802310718649586e-04
7.742636826811274183e-04
8.497534359086451926e-04
9.326033468832213135e-04
1.023531021899026479e-03
1.123324032978028492e-03
1.232846739442068022e-03
1.353047774579808514e-03
1.484968262254466112e-03
1.629750834620646372e-03
1.788649529057436544e-03
1.963040650040272141e-03
2.154434690031886441e-03
2.364489412645409596e-03
2.595024211399737154e-03
2.848035868435804668e-03
3.125715849688241472e-03
3.430469286314922518e-03
3.764935806792471442e-03
4.132012400115342779e-03
4.534878508128586949e-03
4.977023564332114583e-03
5.462277217684348603e-03
5.994842503189415708e-03
6.579332246575689790e-03
7.220809018385472740e-03
7.924828983539180735e-03
8.697490026177845043e-03
9.545484566618359784e-03
1.047615752789665504e-02
1.149756995397737194e-02
1.261856883066022651e-02
1.384886371393875132e-02
1.519911082952935498e-02
1.668100537200061656e-02
1.830738280295370751e-02
2.009233002565050802e-02
2.205130739903049183e-02
2.420128264794384892e-02
2.656087782946690845e-02
2.915053062825180563e-02
3.199267137797386779e-02
3.511191734215136917e-02
3.853528593710534023e-02
4.229242874389502888e-02
4.641588833612785708e-02
5.094138014816385063e-02
5.590810182512227777e-02
6.135907273413186702e-02
6.734150657750828661e-02
7.390722033525783108e-02
8.111308307896887559e-02
8.902150854450401052e-02
9.770099572992266279e-02
1.072267222010325344e-01
1.176811952435000419e-01
1.291549665014885551e-01
1.417474162926807835e-01
1.555676143930474209e-01
1.707352647470694040e-01
1.873817422860387105e-01
2.056512308348654172e-01
2.257019719633924226e-01
2.477076355991714718e-01
2.718588242732943860e-01
2.983647240283344160e-01
3.274549162877736230e-01
3.593813663804631409e-01
3.944206059437662115e-01
4.328761281083067791e-01
4.750810162102800938e-01
5.214008287999692959e-01
5.722367659350229285e-01
6.280291441834258137e-01
6.892612104349706836e-01
7.564633275546303048e-01
8.302175681319751144e-01
9.111627561154920230e-01
1.000000000000001776e+00
