0.92842809252
0.858643878679
0.783465154965
0.707091839109
0.63310806887
0.563910528327
0.500632925432
0.443724233694
0.393134393608
0.348515387153
0.309366388368
0.275116572874
0.245191695332
0.219050914684
0.196200663949
0.176198708177
0.158658059831
0.143246259006
0.129673156962
0.117687596823
0.10707912633
0.0976649376207
0.0892887135148
0.0818168350575
0.0751348505344
0.0691445463781
0.0637614453418
0.0584015594125
0.0540749156704
0.0501584548864
0.0466043177718
0.0433732677395
0.0404298917534
0.0377432121378
0.0352865939931
0.033035858465
0.0309708030564
0.0290720433466
0.0273241863407
0.0257123358141
0.0242235294531
0.0228466207279
0.0215713300974
0.0203885067596
0.0192899792191
0.0182684298759
0.0173172889337
0.0164306451616
0.0156031689356
0.0148300464104
0.0141069102896
0.0134297383565
0.0127950435228
0.0121995697321
0.0116402580421
0.0111145105814
0.0106198166214
0.0101539313363
0.00971481136247
0.00930054544157
0.00890943272794
0.00853986216676
0.00819039129447
0.00785967184853
0.00754646148442
0.00724963803423
0.00696811795065
0.00670096228634
0.00644724354044
0.00620614511239
0.0059768931531
0.00575875888781
0.00555109647878
0.00535326768575
0.00516471181174
0.00498489101077
0.00481329851728
0.00464948310928
0.00449299593872
0.00434344263901
0.00420044271118
0.00406363539113
0.00393269960925
0.00380731468185
0.0036871958996
0.00357207118048
0.00346167678371
0.00335578128074
0.00325415258574
0.00315657953267
0.00306286582007
0.00297281500676
0.00288625717947
0.00280302279934
0.00272295153192
0.0026458993919
0.00257172102593
0.00250028643473
0.00243147113209
0.00236515192625
