2.004622818083287711e+04
2.179500005392564344e+04
2.367747861912216831e+04
2.569972291751510056e+04
2.786711495810496854e+04
3.018410791513546428e+04
3.265394383494627982e+04
3.527832845799970528e+04
3.805708055357859848e+04
4.098773787874650588e+04
4.406508526128545782e+04
4.728063234964734147e+04
5.062200667323197558e+04
5.407221814297013771e+04
5.760983054039919807e+04
6.120566635538625997e+04
6.482860209923879302e+04
6.843704674166576297e+04
7.198473770525881264e+04
7.541549359641430783e+04
7.866003427783728694e+04
8.164880695676716277e+04
8.430019032933446579e+04
8.652492832981995889e+04
8.822662735724654340e+04
8.931146440142612846e+04
8.967788539818095160e+04
8.924082211541711877e+04
8.793072877638928185e+04
8.570262598688942671e+04
8.256538798900187248e+04
7.858107219074357999e+04
7.387660993419673468e+04
6.866059377643969492e+04
6.320292295641677629e+04
5.781442418062993238e+04
5.280504461076816369e+04
4.842371405050719477e+04
4.479709626781362749e+04
4.185935571216945391e+04
3.932220033139597945e+04
3.670578256862278067e+04
3.351551414974969521e+04
2.954376028073143243e+04
2.514245983653306030e+04
2.113051116660014304e+04
1.824272780485677504e+04
1.651070586203269340e+04
1.510951406682400375e+04
1.309692142082722057e+04
1.067316695296928810e+04
8.915557145796377881e+03
7.970672425229218788e+03
6.865813493119335362e+03
5.553293436092011689e+03
4.750663419543173404e+03
4.047598959493995153e+03
3.302861226079146491e+03
2.805013647806233621e+03
2.300156713430397758e+03
1.920011705534477642e+03
1.576519271083319381e+03
1.301307725901659069e+03
1.067875726027349629e+03
8.738820626178800239e+02
7.138823909054585783e+02
5.818226237762714845e+02
4.730355043910299173e+02
3.837898392297148007e+02
3.107290116178874086e+02
2.510850317668821106e+02
2.025096255447306248e+02
1.630366728464172184e+02
1.310307479049419612e+02
1.051343533888755246e+02
8.422294645567018279e+01
6.736855819005319290e+01
5.380857086027580749e+01
4.291793170966940352e+01
3.418570447357971176e+01
2.719499380866168892e+01
2.160669029105818595e+01
1.714591950991161085e+01
1.359038714890724009e+01
1.076037733447604339e+01
8.510764255636633635e+00
6.724685317585227473e+00
5.308267140662304762e+00
4.186213853730717638e+00
3.298283422271512055e+00
2.596370326134516127e+00
2.042086406772341878e+00
1.604807009403777407e+00
1.260130718578401643e+00
9.886813424284044416e-01
7.751218869991177707e-01
6.072853988079804921e-01
4.754888869599158685e-01
3.720387540582125729e-01
2.908792893996533513e-01
