2.004623056489400915e+04
2.179500255359468429e+04
2.367748143629168771e+04
2.569972616136792567e+04
2.786711825990047146e+04
3.018411136548226204e+04
3.265394775119601036e+04
3.527833115768233984e+04
3.805708504365439148e+04
4.098774253238103847e+04
4.406509165360817860e+04
4.728063986868521170e+04
5.062201273393884912e+04
5.407222744409257575e+04
5.760983407478486333e+04
6.120567610149732354e+04
6.482862055966581829e+04
6.843705810200684937e+04
7.198475282225770934e+04
7.541549987851551850e+04
7.866003128829273919e+04
8.164881293019618897e+04
8.430021272215497447e+04
8.652494312720625021e+04
8.822663335144845769e+04
8.931147357560839737e+04
8.967789745989785297e+04
8.924083215235383250e+04
8.793073784891674586e+04
8.570263720627308066e+04
8.256539895997458370e+04
7.858108439971496409e+04
7.387661726742149040e+04
6.866064979487018718e+04
6.320293125378867262e+04
5.781442699540991453e+04
5.280505250120890560e+04
4.842372071383894945e+04
4.479710506770365464e+04
4.185936648273772880e+04
3.932220554946189077e+04
3.670578541889361804e+04
3.351551615331200446e+04
2.954375788593894686e+04
2.514246084013012296e+04
2.113051053147331186e+04
1.824273111167104071e+04
1.651070777542459837e+04
1.510951474974914890e+04
1.309692246122666256e+04
1.067316609552131558e+04
8.915556556907225968e+03
7.970657838684422131e+03
6.865820654734183336e+03
5.553290170932520596e+03
4.750668250335895209e+03
4.047599327401590472e+03
3.302861772720939825e+03
2.805015174053194642e+03
2.300157473207418207e+03
1.920013431079160000e+03
1.576520333420561883e+03
1.301312158057380429e+03
1.067878321489273731e+03
8.738838482078336938e+02
7.138853551668917135e+02
5.818229950921119098e+02
4.730358501415117871e+02
3.837900405261876813e+02
3.107298716807861183e+02
2.510860310168005753e+02
2.025103411106878752e+02
1.630373862795896684e+02
1.310314855255136877e+02
1.051348711603862114e+02
8.422316711665918376e+01
6.736866985878509695e+01
5.380875554060676791e+01
4.291809226431067970e+01
3.418562682210383485e+01
2.719469945809496281e+01
2.160644969020146888e+01
1.714596643915154672e+01
1.359068604668849645e+01
1.076075811449394948e+01
8.511060770108075602e+00
6.724783129817688554e+00
5.308145862455024400e+00
4.185990325821681957e+00
3.298109969637699201e+00
2.596302052048651277e+00
2.042087980813227954e+00
1.604833591456266140e+00
1.260177989859260661e+00
9.887598168980928914e-01
7.752120805834148420e-01
6.073464115458196977e-01
4.755005772257540619e-01
3.720239946247292928e-01
2.908720700910028545e-01
