2.066169964677083408e+04
2.252011477212535465e+04
2.451524489219612224e+04
2.665354929177212762e+04
2.894087492019549609e+04
3.138215321431278062e+04
3.398073057073287055e+04
3.673864565261956159e+04
3.965560266985333874e+04
4.272903748433630972e+04
4.595342992303454230e+04
4.931949132902779093e+04
5.281430514601161849e+04
5.641969411186297657e+04
6.011258687147314777e+04
6.386372343884187285e+04
6.763678355184796965e+04
7.138904237810969062e+04
7.506842776600115758e+04
7.861584355181394494e+04
8.196259071722687804e+04
8.503052535876295588e+04
8.773529417427735461e+04
8.998094296507041145e+04
9.166961898027476855e+04
9.269944872120879882e+04
9.297017824206556543e+04
9.239595136761307367e+04
9.090848731715117174e+04
8.847028384027699940e+04
8.509906772677769186e+04
8.086396671810786938e+04
7.590166913901762746e+04
7.045894588685485360e+04
6.478916977897916513e+04
5.922974261436247616e+04
5.410809772266392247e+04
4.964965201705827349e+04
4.598920223567439098e+04
4.305976005889703811e+04
4.056327513040350459e+04
3.801201116630134493e+04
3.489891131252506602e+04
3.101105658075835890e+04
2.669947059194224857e+04
2.278422758200838871e+04
2.000084149902076388e+04
1.837480365013543269e+04
1.706773212062172388e+04
1.511975430052684169e+04
1.273193082649093776e+04
1.099302080387942988e+04
1.005490373728034865e+04
8.937716197558878775e+03
7.596632334912350416e+03
6.764461199509150902e+03
6.025292507479246524e+03
5.238541281877995061e+03
4.697278786798682631e+03
4.143300228786969456e+03
3.710062367409645049e+03
3.307712464257457668e+03
2.968261318550509714e+03
2.664807865571477578e+03
2.395110092802534382e+03
2.154104625314658279e+03
1.936242323339004770e+03
1.737842942824883721e+03
1.556183643586891321e+03
1.389275867493779515e+03
1.235750407528587402e+03
1.094699293219910032e+03
9.654993932111420918e+02
8.477289643256168574e+02
7.409521566138303115e+02
6.447516087663680082e+02
5.586254411815516505e+02
4.820007841677664828e+02
4.142479251575715011e+02
3.546897307095663905e+02
3.026298676156105216e+02
2.573652201738337908e+02
2.181959376245703481e+02
1.844478028691061979e+02
1.554876490884647922e+02
1.307267335518709217e+02
1.096293194238853772e+02
9.171234124688571399e+01
7.654391682810371833e+01
6.374043728040783208e+01
5.296295045452826855e+01
4.391494058583600690e+01
3.633850022404975988e+01
3.001018190175395617e+01
2.473695194614716186e+01
2.035267950837036111e+01
1.671536392317700859e+01
1.370406748471822489e+01
1.121612667518220441e+01
9.164643507825946500e+00
