7.406450814998935130e+03
8.060460793054960959e+03
8.763781134883996856e+03
9.518656454661930184e+03
1.032711205219852127e+04
1.119084160506615626e+04
1.211102310765489710e+04
1.308834562058643678e+04
1.412271145159168918e+04
1.521322186631219120e+04
1.635793479605560606e+04
1.755359790586370946e+04
1.879566870066374395e+04
2.007778881490974527e+04
2.139188230535289767e+04
2.272770815449437214e+04
2.407256380766240909e+04
2.541147442129665797e+04
2.672611898593272417e+04
2.799565910252584581e+04
2.919589641022876822e+04
3.029933259027757231e+04
3.127620548121620232e+04
3.209248227396120637e+04
3.271331579458386477e+04
3.310216432633289514e+04
3.322277202362892422e+04
3.304370785306652397e+04
3.253928681716098072e+04
3.169458664257225610e+04
3.051397288571251556e+04
2.902006221626636034e+04
2.725991635797147319e+04
2.532024570318775295e+04
2.329099051038396283e+04
2.129322932334325014e+04
1.944510388784282986e+04
1.782866068099272525e+04
1.649364497285423931e+04
1.541689844855425144e+04
1.449164407418415431e+04
1.354229837052978291e+04
1.238621238932276901e+04
1.094729929382659793e+04
9.353951709807262887e+03
7.904960837601948697e+03
6.869161374313525812e+03
6.258292147017891693e+03
5.769934500867372662e+03
5.055887190688195005e+03
4.188460793870368434e+03
3.563470912659996884e+03
3.235902125283853366e+03
2.845149972309551231e+03
2.371499399553958938e+03
2.082786031049972735e+03
1.826233189857863636e+03
1.548900643643282365e+03
1.360844649933315623e+03
1.166825498787506149e+03
1.017991735249909539e+03
8.815233410167658121e+02
7.696811163715786961e+02
6.728536040306572659e+02
5.902347742911922523e+02
5.198515216069096141e+02
4.594204134319751347e+02
4.072680224426479185e+02
3.619923393076435900e+02
3.224047615311302479e+02
2.875236417289573865e+02
2.565426349694358805e+02
2.288215100270658127e+02
2.038567198392609896e+02
1.812584220460007316e+02
1.607410760379373187e+02
1.420820500642117565e+02
1.251213117673547544e+02
1.097385767625052182e+02
9.583113511038867216e+01
8.331770028411142448e+01
7.211647153099302443e+01
6.214773592316242201e+01
5.332992455079104843e+01
4.557653198356417334e+01
3.879964380747414765e+01
3.290977906462678959e+01
2.781758708606991704e+01
2.343646832611910469e+01
1.968424471771265161e+01
1.648398868091956260e+01
1.376526084569021258e+01
1.146438881096396045e+01
9.524229341914624669e+00
7.893761124471725843e+00
6.527765653578972760e+00
5.386669421951911119e+00
4.435993372159503068e+00
3.645953347327064886e+00
2.991003854623407676e+00
