7.406450459333384060e+03
4.429376113615936447e+03
1.525479307388531652e+03
8.295028947141754543e+02
5.513742958385263364e+02
4.107892544094385698e+02
3.267417030772340354e+02
2.704056844363292385e+02
2.295656210827962980e+02
1.983160987851132404e+02
1.734876168186218308e+02
1.532329357151717488e+02
1.363801647293167036e+02
1.221562739878166184e+02
1.100136819374537396e+02
9.955004833018405463e+01
9.046626121618461980e+01
8.252922171641537830e+01
7.555362983198533300e+01
6.939169791084091798e+01
6.392407181384126602e+01
5.905225766689866163e+01
5.469439303651780193e+01
5.078208234589229875e+01
4.725803312181814420e+01
4.407378049460818659e+01
4.118805285646324421e+01
3.856554915228145575e+01
3.617594764099938942e+01
3.399308183896082625e+01
3.199426944973438225e+01
3.015981044291241631e+01
2.847253793397856114e+01
2.691744080856714660e+01
2.548134981902599705e+01
2.415267533291223856e+01
2.292118262321361399e+01
2.177779533913604482e+01
2.071445784973421311e+01
1.972400580396583436e+01
1.880005102528416217e+01
1.793688331960215621e+01
1.712938642254084698e+01
1.637296581229712444e+01
1.566348651677152404e+01
1.499721980846860880e+01
1.437079810461239049e+01
1.378117247134401602e+01
1.322557673144935642e+01
1.270149679568861067e+01
1.220664378762912605e+01
1.173893043669738390e+01
1.129645029456629146e+01
1.087745939679988538e+01
1.048036004754477091e+01
1.010368645192097503e+01
9.746091895573941954e+00
9.406336141475659218e+00
9.083275742236089911e+00
8.775856417814287269e+00
8.483104939035721159e+00
8.204121807940953914e+00
7.938074695203549247e+00
7.684192546620962183e+00
7.441760282008770488e+00
7.210114019559548559e+00
6.988636767106425118e+00
6.776754528962087853e+00
6.573932783256735135e+00
6.379673290117181317e+00
6.193511195384052925e+00
6.015012218040122427e+00
5.843770014959868142e+00
5.679404472406732296e+00
5.521559786331511788e+00
5.369902630787642295e+00
5.224120484838627121e+00
5.083920102502905713e+00
4.949026111954926144e+00
4.819179731675468759e+00
4.694137592545801319e+00
4.573670656030408566e+00
4.457563219611484051e+00
4.345612001541119263e+00
4.237625297778686573e+00
4.133422204693519397e+00
4.032831901747526260e+00
3.935692988937777415e+00
3.841852874285276886e+00
3.751167218045754481e+00
3.663499431676503271e+00
3.578720157068135954e+00
3.496706807514757820e+00
3.417343149862047902e+00
3.340518916297333440e+00
3.266129443409358846e+00
3.194075336356580141e+00
3.124262156173240434e+00
3.056600128414479034e+00
2.991003871497212252e+00
