7.406500701685574313e+03
8.060549275510504231e+03
8.763924046615094994e+03
9.518875186910407137e+03
1.032743507512664837e+04
1.119130662129827579e+04
1.211168006151552254e+04
1.308925958027020897e+04
1.412396774868426837e+04
1.521493083222246787e+04
1.636023859843899663e+04
1.755667946639780712e+04
1.879975964731043496e+04
2.008318379927871865e+04
2.139895021415020528e+04
2.273690845173138587e+04
2.408446542165806386e+04
2.542676897997124252e+04
2.674564517899325801e+04
2.802041289906833481e+04
2.922704337527179814e+04
3.033821291168082826e+04
3.132431489895082268e+04
3.215144068090267319e+04
3.278480674973361602e+04
3.318782144485641766e+04
3.332403935389740218e+04
3.316166510707153793e+04
3.267437051757804875e+04
3.184642805146806131e+04
3.068112997778200224e+04
2.919991335398697629e+04
2.744877227122473778e+04
2.551353092432584162e+04
2.348373014700983549e+04
2.148077449208608959e+04
1.962364102792991980e+04
1.799542421044717776e+04
1.664689518209421658e+04
1.555510356152098757e+04
1.461225103973913065e+04
1.364054244961330915e+04
1.245493552604121578e+04
1.097873483449205924e+04
9.343131829510908574e+03
7.852240750736920745e+03
6.779088484183803303e+03
6.135348125872832497e+03
5.614914728895797452e+03
4.866844226374851132e+03
3.966276610236888700e+03
3.313142744475493146e+03
2.961909983393167749e+03
2.551404506671218314e+03
2.063646055503794287e+03
1.765378291746977084e+03
1.504099438054300208e+03
1.227389808671101719e+03
1.042338023030527893e+03
8.547649321435728780e+02
7.134959393117161426e+02
5.858630596189379958e+02
4.835705153285697975e+02
3.968276817403124141e+02
3.247380155647301194e+02
2.652864290936244061e+02
2.161982440180759397e+02
1.757855051073150321e+02
1.426175364478633298e+02
1.154691063057398566e+02
9.330617278568146844e+01
7.525526233818757760e+01
6.058684339206041614e+01
4.869321335722126776e+01
3.906970662091885771e+01
3.129846937899894499e+01
2.503490843872935656e+01
1.999567410195279749e+01
1.594847015839777171e+01
1.270339587339087473e+01
1.010556322143730590e+01
8.029020118787961735e+00
6.371570097043680825e+00
5.050474284674422165e+00
3.998885088992134129e+00
3.162892283301788066e+00
2.499112870613145798e+00
1.972692440484006271e+00
1.555679535910703848e+00
1.225695935828283067e+00
9.648512528391297582e-01
7.588674787243800957e-01
5.963653048175963090e-01
4.682874348757386507e-01
3.674329853317265804e-01
2.880838008189607891e-01
2.257063902789466503e-01
1.767104732975305070e-01
1.382557331405040724e-01
1.080972620540291279e-01
