2.066289093000810317e+04
2.252174989109202943e+04
2.451747230830979242e+04
2.665656507426039025e+04
2.894493526963307522e+04
3.138759200300672819e+04
3.398798364082881744e+04
3.674827413600027648e+04
3.966833391961435700e+04
4.274580286146279104e+04
4.597541863304855360e+04
4.934822016230720328e+04
5.285168039110115205e+04
5.646812069435497688e+04
6.017505367536705307e+04
6.394392341302131535e+04
6.773925018968193035e+04
7.151924109048931859e+04
7.523291293585265521e+04
7.882231596922286553e+04
8.221993407559730986e+04
8.534877635211580491e+04
8.812543404467032815e+04
9.045449355655218824e+04
9.223811687905986037e+04
9.337339015405750251e+04
9.375782019674182811e+04
9.330198851115962316e+04
9.193180801965235150e+04
8.960301245140036917e+04
8.632487014966637071e+04
8.215771818185874145e+04
7.723098752352617157e+04
7.178616862281823705e+04
6.607521128731763747e+04
6.043972209299315728e+04
5.521447898183984216e+04
5.063329601742209343e+04
4.683903656553415931e+04
4.376713481891564879e+04
4.111428766890373663e+04
3.838023605827352003e+04
3.504432996022791485e+04
3.089077550751060699e+04
2.628870461075740968e+04
2.209380291563472201e+04
1.907428684113946292e+04
1.726300256949114919e+04
1.579866489585535419e+04
1.369382404325009884e+04
1.115990136094135232e+04
9.322181582279577924e+03
8.333919747340798494e+03
7.178881948461005777e+03
5.806477283143453860e+03
4.967242099957005848e+03
4.232082391819209079e+03
3.453505020337515816e+03
2.932825151049230499e+03
2.405051028639662491e+03
2.007562667475059015e+03
1.648442197288452917e+03
1.360621787715439041e+03
1.116553574300610762e+03
9.137149565566319325e+02
7.464360875429133557e+02
6.083167091078715885e+02
4.946074242117350082e+02
4.012827418394368806e+02
3.248952294248004478e+02
2.625354042923490283e+02
2.117455748668022011e+02
1.704730589647068939e+02
1.370079643875295687e+02
1.099303139775409619e+02
8.806439278821372341e+01
7.044061925271176960e+01
5.626173253272646235e+01
4.487412095477942131e+01
3.574346098503129809e+01
2.843394426735415337e+01
2.259117953705555237e+01
1.792761664301656310e+01
1.421045327405715675e+01
1.125160041734116056e+01
8.899370880418731034e+00
7.031697974520619177e+00
5.550511852689144376e+00
4.377165519569063079e+00
3.448693398661248910e+00
2.714757301544368673e+00
2.135183223521989415e+00
1.677953199270900919e+00
1.317582724488920665e+00
1.033810684732314744e+00
8.105478994979050666e-01
6.350385030383788321e-01
4.971805170100586646e-01
3.889821500786556641e-01
3.041269119777363916e-01
